1206266 19469360 963581086036 641440900 19759660 806 25522
10 37042 70293306796 1068 410 81010082617429 1517381 48396232
1003838 38210 1462052559161 879 10 58266412 15154
891 10 26052961 2927639055906988  112097921793514054 19827
1892241209 1054735200386884 23214844756 1068 410 22405
43129108 13801 48179404 79991084874220 1068 410 2147601190981
29053366 891 33516337917, 66828989031636 891 36661
1296010098865942 1722765793 39325059 410 749612101
38210 54903217 1138425315 676 1618515 32279 19469360 743503924
1068 55031810 891 42481145 1618515 1853491046 48414382
1068 24827263178 1375445 677'28 54623029 22752948989 1108
676 67021036588 13801 3112577359174726 706722604
831137301809 18 963824 677'28 38118573310961 1068 36806
1618515 743503924 676 926381 44958 1506809 677 1068 1068
